[customone]
cy = 70.069046020508
cz = 13.51718711853
cx = -4140.6245117188

[customtwo]
cy = -1916
cz = 13
cx = 1791

[customfour]
cy = -1916
cz = 13
cx = 1791

[customthree]
cy = -1916
cz = 13
cx = 1791

